--By Rufus14 (fps unlocker recommended even more)
local tweenservice = game:GetService("TweenService")
local runservice = game:GetService("RunService")
local debris = game:GetService("Debris")
local players = game:GetService("Players")
local tool = script.Parent
local owner
local charhum
local character
local charroot
local chartorso
local charhead
local remote = tool.fistremote
local easingstyles = Enum.EasingStyle
local easingdirs = Enum.EasingDirection

--data
local DAMAGE = 20
local counterDAMAGE = 10
local currentwelds = {} --dont repeat names
local currentsounds = {} --dont repeat names
local currenttrails = {}
local currentattachs = {}
local lastattachpos = {}
local ignoretable = {}
local peoplehit = {}
local toolstate = "idle"
local attachmentname = "ro bIox"
local counterdetectionMAG = 8
local swinganimation = 3
local lookpartheight = 0.2
local leftkickcooldown = 1.5
local rightkickcooldown = 1
local counterFAILEDcooldown = 5
local blockwsPERCENTAGE = 0.7 --this is how much % it will reduce your speed when blocking
local kickwsPERCENTAGE = 0.85 --this is how much % it will reduce your speed when kicking
local counterwsPERCENTAGE = 0.9 --this is how much % it will reduce your speed when countering
local cankick = true
local cancounter = true
local runfunc
local currentanimtick
local currentequiptick

local swingdatas = { --some swings are just too slow
	[1] = {"Right Arm", 0.28},
	[2] = {"Left Arm", 0.28},
	[3] = {"Right Arm", 0.3},
	[4] = {"Left Arm", 0.3}
}
local hitvector = { --which way the character spins when they get hit
	["Right Arm"] = 1,
	["Left Arm"] = -1
}
local illegalstates = {
	"idle",
	"block",
	"counter"
}

local sfxdata = { --dont repeat names (id, vol, rollmin, rollmax, playonremove)
	["punch1"] = {"4306980885", 1.5, 5, 60, true},
	["punch2"] = {"3932505023", 1.5, 5, 60, true},
	["punch3"] = {"3932506183", 1.5, 5, 60, true},
	["punch4"] = {"3932504231", 1.5, 5, 60, true},
	["punch5"] = {"4306980885", 1.5, 5, 60, true},
	["bash"] = {"2801263", 1, 5, 60, true},
	["concrete"] = {"1476374050", 0.5, 5, 60, true},
	["block1"] = {"4306994664", 2, 5, 60, true},
	["block2"] = {"4306995205", 2, 5, 60, true},
	["block3"] = {"4306994923", 2, 5, 60, true},
	["grapple1"] = {"4086209510", 2, 5, 60, true},
	["grapple2"] = {"4086209719", 2, 5, 60, true},
	["AUGHHHH"] = {"8627655583", 1, 2, 60, true},
	["fabric"] = {"9114890978", 1, 5, 80, true},
	["swing1"] = {"8907343824", 1, 5, 80, true},
	["swing2"] = {"9076453292", 1, 5, 80, true},
	["knuckles"] = {"691183830", 4, 0.2, 60},
	["hitflesh1"] = {"3744371091", 3, 2, 60, true},
	["hitflesh2"] = {"3744371864", 3, 2, 60, true},
	["hitflesh3"] = {"3744371342", 3, 2, 60, true},
	["bone"] = {"4086172420", 1, 3, 60, true},
	["snap"] = {"4086190876", 1, 3, 60, true},
	["equip"] = {"4549835866", 2, 1, 60},
}
local sfxbehavior = {
	["punch1"] = function(so)
		local eq = Instance.new("EqualizerSoundEffect", so)
		eq.LowGain = 10
		eq.MidGain = 3
		eq.HighGain = 3
	end,
	["punch2"] = function(so)
		local eq = Instance.new("EqualizerSoundEffect", so)
		eq.LowGain = 10
		eq.MidGain = 3
		eq.HighGain = 3
	end,
	["punch3"] = function(so)
		local eq = Instance.new("EqualizerSoundEffect", so)
		eq.LowGain = 10
		eq.MidGain = 3
		eq.HighGain = 3
	end,
	["punch4"] = function(so)
		local eq = Instance.new("EqualizerSoundEffect", so)
		eq.LowGain = 10
		eq.MidGain = 3
		eq.HighGain = 3
	end,
	["punch5"] = function(so)
		local eq = Instance.new("EqualizerSoundEffect", so)
		eq.LowGain = 10
		eq.MidGain = 3
		eq.HighGain = 3
	end,
	["hitflesh1"] = function(so)
		local eq = Instance.new("EqualizerSoundEffect", so)
		eq.LowGain = 10
		eq.MidGain = 3
		eq.HighGain = 3
	end,
	["hitflesh2"] = function(so)
		local eq = Instance.new("EqualizerSoundEffect", so)
		eq.LowGain = 10
		eq.MidGain = 3
		eq.HighGain = 3
	end,
	["hitflesh3"] = function(so)
		local eq = Instance.new("EqualizerSoundEffect", so)
		eq.LowGain = 10
		eq.MidGain = 3
		eq.HighGain = 3
	end,
	["AUGHHHH"] = function(so)
		local eq = Instance.new("EqualizerSoundEffect", so)
		eq.LowGain = 10
		eq.MidGain = 3
		eq.HighGain = 3
	end,
	["concrete"] = function(so)
		local eq = Instance.new("EqualizerSoundEffect", so)
		eq.LowGain = 10
		eq.MidGain = 0
		eq.HighGain = 0
	end,
}
local attachmentdata = {
	["Right Arm"] = {repeatY = 3, depth = 1, placement = {
		Vector3.new(0,-1,0),

		Vector3.new(0,-1,0.5),
		Vector3.new(0,-1,-0.5),

		Vector3.new(0.5,-1,0),
		Vector3.new(-0.5,-1,0),

		Vector3.new(0.5,-1,0.5),
		Vector3.new(-0.5,-1,-0.5),

		Vector3.new(-0.5,-1,0.5),
		Vector3.new(0.5,-1,-0.5),
	}},
	["Left Arm"] = {repeatY = 3, depth = 1, placement = {
		Vector3.new(0,-1,0),

		Vector3.new(0,-1,0.5),
		Vector3.new(0,-1,-0.5),

		Vector3.new(0.5,-1,0),
		Vector3.new(-0.5,-1,0),

		Vector3.new(0.5,-1,0.5),
		Vector3.new(-0.5,-1,-0.5),

		Vector3.new(-0.5,-1,0.5),
		Vector3.new(0.5,-1,-0.5),
	}},
	["Left Leg"] = {repeatY = 3, depth = 1, placement = {
		Vector3.new(0,-1,0),

		Vector3.new(0,-1,0.5),
		Vector3.new(0,-1,-0.5),

		Vector3.new(0.5,-1,0),
		Vector3.new(-0.5,-1,0),

		Vector3.new(0.5,-1,0.5),
		Vector3.new(-0.5,-1,-0.5),

		Vector3.new(-0.5,-1,0.5),
		Vector3.new(0.5,-1,-0.5),
	}},
	["Right Leg"] = {repeatY = 3, depth = 1, placement = {
		Vector3.new(0,-1,0),

		Vector3.new(0,-1,0.5),
		Vector3.new(0,-1,-0.5),

		Vector3.new(0.5,-1,0),
		Vector3.new(-0.5,-1,0),

		Vector3.new(0.5,-1,0.5),
		Vector3.new(-0.5,-1,-0.5),

		Vector3.new(-0.5,-1,0.5),
		Vector3.new(0.5,-1,-0.5),
	}},
}
local animrawdata = { --had to :inverse() rootpart on every keyframe because i put torso as part0 for no literal reason
	["equip"] = {
		[1] = {
			["rarmweld"] = {CFrame.new(1.80360985, -0.832960367, -0.48553133, 0.344310164, -0.319109023, 0.882960677, 0.938373387, 0.0868239701, -0.334539413, 0.030092366, 0.94373244, 0.329337776), easingstyles.Sine, easingdirs.In, 0.1},
			["larmweld"] = {CFrame.new(-1.74353695, -0.8067801, -0.516905785, 0.351057112, 0.302011251, -0.886311531, -0.936352611, 0.111618757, -0.332843632, -0.00159355253, 0.946747243, 0.321973592), easingstyles.Sine, easingdirs.In, 0.1},
			["headtorootweld"] = {CFrame.new(0, 0.300000191, 0, 1, -1.20370622e-35, 0, -1.20370622e-35, 1, -4.21297175e-35, 0, -4.21297175e-35, 1), easingstyles.Sine, easingdirs.In, 0.1},
			["rootweld"] = {CFrame.new(), easingstyles.Sine, easingdirs.InOut, 0.2},
		},
		[2] = {
			["rarmweld"] = {CFrame.new(0.802461624, -0.623572588, -0.795546055, 0.512912929, 0.845280886, 0.149733871, 0.858436882, -0.505547106, -0.0866472796, 0.002456218, 0.172979593, -0.98492229), easingstyles.Quart, easingdirs.Out, 0.3},
			["larmweld"] = {CFrame.new(-0.471618652, -0.927988291, -0.812986135, 0.198409885, -0.971196473, -0.13194859, -0.976539075, -0.184390634, -0.111222036, 0.0836883634, 0.150920734, -0.984996915), easingstyles.Quart, easingdirs.Out, 0.3},
			["headtorootweld"] = {CFrame.new(1.90734863e-06, 0.300001621, 4.76837158e-07, 0.999999821, 8.38190317e-08, -7.4505806e-08, 7.4505806e-08, 0.999999344, 2.23517418e-08, -5.96046448e-08, 2.23517418e-08, 0.999999821), easingstyles.Quart, easingdirs.Out, 0.3},
			["rootweld"] = {CFrame.new(), easingstyles.Sine, easingdirs.InOut, 0.2},
		},
		[3] = {
			["rarmweld"] = {CFrame.new(0.687065125, -0.664569378, -0.809481382, 0.358339161, 0.921505272, 0.149733886, 0.933182001, -0.348800361, -0.0866472423, -0.0276186578, 0.170778066, -0.984922051), easingstyles.Elastic, easingdirs.Out, 0.4},
			["larmweld"] = {CFrame.new(-0.375936508, -1.00558329, -0.817040682, 0.026749067, -0.990895391, -0.131948605, -0.99372226, -0.0120151229, -0.111222036, 0.108624034, 0.13409555, -0.984996855), easingstyles.Elastic, easingdirs.Out, 0.4},
			["headtorootweld"] = {CFrame.new(1.90734863e-06, 0.300002575, 9.53674316e-07, 0.999999821, 1.05239451e-07, -5.96046448e-08, 9.49949026e-08, 0.999999285, 3.7252903e-08, -2.98023224e-08, 3.7252903e-08, 0.999999762), easingstyles.Elastic, easingdirs.Out, 0.4},
			["rootweld"] = {CFrame.new(), easingstyles.Sine, easingdirs.InOut, 0.2},
		},
		[4] = {
			["rarmweld"] = {CFrame.new(0.773609161, -0.926006079, -0.773324966, 0.192877501, 0.969730437, 0.149733886, 0.979573309, -0.181455955, -0.0866472423, -0.0568543673, 0.163387641, -0.984922051) * CFrame.new(0,0.3,0), easingstyles.Sine, easingdirs.In, 0.2},
			["larmweld"] = {CFrame.new(-0.780976295, -0.53411603, -0.816016912, 0.198409662, -0.971195996, -0.131948456, -0.976538301, -0.184390575, -0.111222014, 0.083688274, 0.150920749, -0.984996676) * CFrame.new(0,0.3,0), easingstyles.Sine, easingdirs.In, 0.2},
			["headtorootweld"] = {CFrame.new(3.81469727e-06, 0.300005436, 2.38418579e-06, 0.999999285, 1.8812716e-07, -1.49011612e-07, 1.61118805e-07, 0.999998629, 8.19563866e-08, -1.1920929e-07, 8.94069672e-08, 0.999999583), easingstyles.Sine, easingdirs.In, 0.2},
			["rootweld"] = {CFrame.new(), easingstyles.Sine, easingdirs.InOut, 0.2},
		},
		[5] = {
			["rarmweld"] = {CFrame.new(0.808786392, -1.05216312, -0.756877184, 0.358339041, 0.921504617, 0.149733901, 0.933181345, -0.348800063, -0.08664722, -0.0276186354, 0.170777932, -0.984921873), easingstyles.Elastic, easingdirs.Out, 0.5},
			["larmweld"] = {CFrame.new(-0.658809662, -0.689052343, -0.814886093, 0.518612206, -0.844765067, -0.131948262, -0.854579866, -0.507265925, -0.111221991, 0.0270232242, 0.170442179, -0.984996438), easingstyles.Elastic, easingdirs.Out, 0.5},
			["headtorootweld"] = {CFrame.new(3.81469727e-06, 0.300005436, 2.38418579e-06, 0.999999285, 1.8812716e-07, -1.49011612e-07, 1.61118805e-07, 0.999998629, 8.19563866e-08, -1.1920929e-07, 8.94069672e-08, 0.999999583), easingstyles.Sine, easingdirs.In, 0.15},
			["rootweld"] = {CFrame.new(), easingstyles.Sine, easingdirs.InOut, 0.2},
		},
	},
	["idle"] = {
		[1] = {
			["rarmweld"] = {CFrame.new(0.05,-0.25,0) * CFrame.new(1.14219666, -0.656560421, -0.909226418, 0.941444933, 0.325054795, -0.089532733, 0.258639753, -0.866617441, -0.426701248, -0.216293022, 0.378559977, -0.899948895) * CFrame.Angles(0,0,-0.2), easingstyles.Sine, easingdirs.Out, 0.3},
			["larmweld"] = {CFrame.new(-0.05,-0.25,0) * CFrame.new(-1.13857365, -0.698836803, -0.871101141, 0.9392398, -0.32580018, 0.108070657, -0.246695966, -0.859613478, -0.447438568, 0.238674939, 0.393592596, -0.887760043) * CFrame.Angles(0,0,0.2), easingstyles.Sine, easingdirs.Out, 0.3},
			["headtorootweld"] = {CFrame.new(7.62939453e-06, 0.300011635, 4.05311584e-06, 0.999998033, 2.83122063e-07, -2.01165676e-07, 2.86847353e-07, 0.999997616, 2.98023224e-07, -1.2665987e-07, 3.27825546e-07, 0.999999344), easingstyles.Sine, easingdirs.Out, 0.3},
			["rootweld"] = {CFrame.new(), easingstyles.Sine, easingdirs.Out, 0.35},
		}
	},
	["swing1"] = {
		[1] = {
			["rarmweld"] = {CFrame.new(1.8193531, -0.956459522, 0.145459175, 0.817060828, -0.467778027, -0.337039053, 0.261335403, 0.821556151, -0.506704092, 0.513921559, 0.325927824, 0.79350841), easingstyles.Sine, easingdirs.InOut, 0.2},
			["larmweld"] = {CFrame.new(-0.500593185, -0.755534649, -0.982423782, -0.000317309052, -0.937520564, -0.347929597, -0.998945475, -0.015676409, 0.0431522131, -0.0459104031, 0.347576439, -0.936526954), easingstyles.Sine, easingdirs.InOut, 0.2},
			["headtorootweld"] = {CFrame.new(9.53674316e-05, 0.299683571, 0.0137729645, 0.336097151, 0.0003172867, 0.941827297, 0.0431331694, 0.998945475, -0.015728889, -0.940838993, 0.0459104478, 0.335729033), easingstyles.Sine, easingdirs.InOut, 0.2},
			["rootweld"] = {CFrame.Angles(0,math.pi,0) * CFrame.new(0, 0, 0, 0.342020094, 0.163175911, -0.925416529, 1.21509947e-15, 0.98480773, 0.173648179, 0.939692616, -0.059391167, 0.33682403), easingstyles.Sine, easingdirs.Out, 0.2},
		},
		[2] = {
			["rarmweld"] = {CFrame.new(0.3,0,0) * CFrame.new(1.8193531, -0.956459522, 0.145459175, 0.817060828, -0.467778027, -0.337039053, 0.261335403, 0.821556151, -0.506704092, 0.513921559, 0.325927824, 0.79350841) * CFrame.new(0,-0.1,0.25) * CFrame.Angles(-0.3,0,0.4) * CFrame.new(0,-0.5,0), easingstyles.Sine, easingdirs.In, 0.2},
			["larmweld"] = {CFrame.new(-0.500593185, -0.755534649, -0.982423782, -0.000317309052, -0.937520564, -0.347929597, -0.998945475, -0.015676409, 0.0431522131, -0.0459104031, 0.347576439, -0.936526954), easingstyles.Sine, easingdirs.In, 0.2},
			["headtorootweld"] = {CFrame.Angles(-0.2,-1.25,0) * CFrame.new(9.53674316e-05, 0.299683571, 0.0137729645, 0.336097151, 0.0003172867, 0.941827297, 0.0431331694, 0.998945475, -0.015728889, -0.940838993, 0.0459104478, 0.335729033), easingstyles.Sine, easingdirs.In, 0.2},
			["rootweld"] = {CFrame.Angles(0.2,1.25,0) * CFrame.new(0, 0, 0, 0.342020094, 0.163175911, -0.925416529, 1.21509947e-15, 0.98480773, 0.173648179, 0.939692616, -0.059391167, 0.33682403) * CFrame.Angles(0,0,0.3), easingstyles.Sine, easingdirs.In, 0.2},
		},
		[3] = {
			["rarmweld"] = {CFrame.new(0.8,0.5,-0.6) * CFrame.new(2.21063137, -0.775531769, -0.171337128, 0.367661029, -0.924442887, -0.101145357, -0.324656218, -0.0256720409, -0.945483565, 0.871448994, 0.380455047, -0.30956465), easingstyles.Linear, easingdirs.In, 0.2},
			["larmweld"] = {CFrame.new(-0.457791328, -0.852360249, -1.09549522, -0.100215964, -0.923222423, -0.370967656, -0.978997767, 0.158026755, -0.128805578, 0.17753908, 0.350268334, -0.91966939), easingstyles.Linear, easingdirs.In, 0.2},
			["headtorootweld"] = {CFrame.new(9.6321106e-05, 0.299683094, 0.0137748718, 0.770076036, 0.000317290425, -0.63795191, -0.0295327604, 0.998945475, -0.0351523384, 0.637267888, 0.0459104218, 0.76927346), easingstyles.Linear, easingdirs.In, 0.2},
			["rootweld"] = {CFrame.Angles(0,-0.8,0) * CFrame.new(0, 0, 0, 0.75262934, 0.163175911, 0.637904823, -0.163175911, 0.98480773, -0.0593911707, -0.637904882, -0.059391167, 0.76782161):Inverse(), easingstyles.Linear, easingdirs.In, 0.2},
		},
		[4] = {
			["rarmweld"] = {CFrame.new(0,0,-0.3) * CFrame.new(1.02066994, -0.391653061, -0.954989433, 0.74294436, 0.661666453, -0.101145402, 0.135162801, -0.296296686, -0.945483506, -0.655563653, 0.688771009, -0.30956459) * CFrame.new(0,0.5,0) * CFrame.Angles(0.35,0,0) * CFrame.new(0,-0.5,0), easingstyles.Sine, easingdirs.Out, 0.5},
			["larmweld"] = {CFrame.new(-0.457794189, -0.852359772, -1.09549522, -0.100215927, -0.923222184, -0.370967686, -0.978997767, 0.158026785, -0.128805608, 0.177539051, 0.350268066, -0.919669509), easingstyles.Sine, easingdirs.Out, 0.3},
			["headtorootweld"] = {CFrame.new(9.3460083e-05, 0.299683571, 0.0137748718, 0.179844856, 0.000317305326, -0.983694673, -0.0452188775, 0.998945534, -0.00794497877, 0.982654929, 0.0459104329, 0.17966935), easingstyles.Sine, easingdirs.Out, 0.5},
			["rootweld"] = {CFrame.new(0, 0, 0, -0.497520864, 0.163175911, 0.851966143, 0.0301536936, 0.98480773, -0.171010062, -0.866927624, -0.059391167, -0.494882882):Inverse(), easingstyles.Sine, easingdirs.Out, 0.4},
		},
		[5] = {
			["rootweld"] = {CFrame.Angles(0,0.3,0) * CFrame.new(0, 0, 0, -0.405218601, 0.103055239, 0.908392668, -0.0173312314, 0.992581785, -0.120337442, -0.914055407, -0.0645065457, -0.400426596):Inverse(), easingstyles.Sine, easingdirs.In, 0.4},
		}
	},
	["swing2"] = {
		[1] = {
			["rarmweld"] = {CFrame.new(0.258669853, -0.760544062, -0.878656387, 0.000317294151, 0.985881448, 0.167444438, 0.998945236, -0.00799995661, 0.0452092141, 0.0459103882, 0.167253494, -0.984844267), easingstyles.Sine, easingdirs.InOut, 0.2},
			["larmweld"] = {CFrame.new(-1.87974262, -0.840487242, -0.0787315369, 0.866379499, 0.498808712, -0.0240071714, -0.4916583, 0.843561947, -0.21604313, -0.0875126123, 0.198978633, 0.976088524), easingstyles.Sine, easingdirs.InOut, 0.2},
			["headtorootweld"] = {CFrame.new(9.53674316e-05, 0.299684048, 0.0137729645, 0.17984499, 0.000317282975, -0.983694911, -0.0452189147, 0.998945236, -0.00794496946, 0.982654989, 0.0459104031, 0.179669634), easingstyles.Sine, easingdirs.InOut, 0.2},
			["rootweld"] = {CFrame.Angles(0,-0.5,0) * CFrame.new(0, 0, 0, 0.173648223, -0.171010047, 0.969846249, 6.16922418e-16, 0.984807611, 0.173648134, -0.98480773, -0.0301536862, 0.171010092):Inverse(), easingstyles.Sine, easingdirs.Out, 0.2},
		},
		[2] = {
			["rarmweld"] = {CFrame.new(0.293008804, -0.644740582, -1.07552338, -0.0569713414, 0.985881388, 0.157454789, 0.923239052, -0.00800001621, 0.38414225, 0.379978448, 0.167253464, -0.909748435), easingstyles.Sine, easingdirs.In, 0.2},
			["larmweld"] = {CFrame.new(-2.70503426, -1.54852104, -0.255741119, 0.500902295, 0.865170598, -0.0240071919, -0.847569466, 0.484716713, -0.216043085, -0.175277486, 0.128564209, 0.976088464), easingstyles.Sine, easingdirs.In, 0.2},
			["headtorootweld"] = {CFrame.new(9.72747803e-05, 0.299683571, 0.0137729645, 0.985881388, 0.000317215919, -0.167444438, -0.00800001621, 0.998945236, -0.0452091508, 0.16725345, 0.0459104329, 0.984844208), easingstyles.Sine, easingdirs.In, 0.2},
			["rootweld"] = {CFrame.new(0, 0, 0, 0.940601826, -0.339501619, -0.00259810686, 0.339422047, 0.940150559, 0.0301536769, -0.0077946363, -0.0292444509, 0.999541819):Inverse(), easingstyles.Sine, easingdirs.In, 0.2},
		},
		[3] = {
			["rarmweld"] = {CFrame.new(0,0,-0.5) * CFrame.new(0.293007851, -0.644741058, -1.07552338, -0.0569712073, 0.985881269, 0.157454744, 0.923238873, -0.00799991935, 0.38414216, 0.379978538, 0.167253539, -0.909748495), easingstyles.Linear, easingdirs.In, 0.2},
			["larmweld"] = {CFrame.new(-2.41886711, -0.342449903, -1.49530792, 0.0644817352, 0.931209743, -0.358733565, -0.926526666, -0.0776570663, -0.368125677, -0.370660722, 0.35611397, 0.857783854), easingstyles.Linear, easingdirs.In, 0.2},
			["headtorootweld"] = {CFrame.new(9.53674316e-05, 0.299683571, 0.0137748718, 0.167444333, 0.000317298574, 0.985881269, 0.04520908, 0.998945057, -0.00799990445, -0.984844327, 0.0459104776, 0.167253479), easingstyles.Linear, easingdirs.In, 0.2},
			["rootweld"] = {CFrame.new(0, 0, 0, -0.00259814807, -0.33950159, -0.940601826, 0.030153662, 0.940150499, -0.339422047, 0.999541819, -0.029244449, 0.00779459253):Inverse(), easingstyles.Linear, easingdirs.In, 0.2},
		},
		[4] = {
			["rarmweld"] = {CFrame.new(0.293007851, -0.644740582, -1.07552147, -0.0569711924, 0.985881329, 0.157454699, 0.923238873, -0.00799992681, 0.38414225, 0.379978448, 0.167253584, -0.909748495), easingstyles.Linear, easingdirs.Out, 0.2},
			["larmweld"] = {CFrame.new(-1.54858112, -0.248359442, -1.57910156, 0.0644817352, -0.018606782, -0.997745037, -0.926526725, -0.37248525, -0.0529326014, -0.370660663, 0.927851319, -0.0412583947), easingstyles.Linear, easingdirs.Out, 0.4},
			["headtorootweld"] = {CFrame.new(0.0146312714, 0.296020985, -0.0720825195, 0.164845377, 0.0293888878, 0.985881329, -0.128942654, 0.991619229, -0.0079999119, -0.97785449, -0.125803471, 0.167253524), easingstyles.Linear, easingdirs.Out, 0.5},
			["rootweld"] = {CFrame.Angles(0,0.5,0) * CFrame.new(0, 0, 0, -0.49488315, -0.171010226, -0.851966023, -0.059391316, 0.984807491, -0.16317603, 0.866927505, -0.0301536769, -0.497521222):Inverse(), easingstyles.Sine, easingdirs.Out, 0.4},
		},
		[5] = {
			["rarmweld"] = {CFrame.new(0.293007851, -0.644740105, -1.07552528, -0.0569712222, 0.985881329, 0.157454789, 0.923238754, -0.00799993612, 0.38414222, 0.379978418, 0.167253509, -0.909748435), easingstyles.Sine, easingdirs.Out, 0.3},
			["larmweld"] = {CFrame.new(-0.18221283, -0.101358414, -1.31591225, 0.215162277, -0.848910213, -0.482758462, -0.872149765, -0.389447361, 0.296115398, -0.439384729, 0.357325077, -0.824171841) * CFrame.new(0,0.25,0.25) * CFrame.Angles(-0.35,0,0) * CFrame.new(0,-0.5,0), easingstyles.Sine, easingdirs.Out, 0.5},
			["headtorootweld"] = {CFrame.new(9.53674316e-05, 0.299684048, 0.0137729645, 0.167444378, 0.000317289494, 0.985881269, 0.0452091843, 0.998944998, -0.00799992308, -0.984844089, 0.0459104143, 0.16725345), easingstyles.Sine, easingdirs.Out, 0.5},
			["rootweld"] = {CFrame.new(0, 0, 0, -0.168735921, -0.0675501823, -0.98334378, -0.0408176556, 0.997271717, -0.0615029037, 0.984815717, 0.0297600403, -0.171032846):Inverse(), easingstyles.Sine, easingdirs.In, 0.5},
		}
	},
	["swing3"] = {
		[1] = {
			["rarmweld"] = {CFrame.new(0,0.5,0) * CFrame.new(1.71041489, -0.37266469, -0.396123886, -0.0343486965, 0.653690755, 0.755981803, 0.858640194, -0.367783576, 0.357032269, 0.51142627, 0.661379933, -0.548652232), easingstyles.Sine, easingdirs.InOut, 0.2},
			["larmweld"] = {CFrame.new(-2.09034348, -0.793517351, -0.144979477, -0.000317277387, 0.985881388, -0.167444542, -0.998945534, -0.00799992401, -0.0452091917, -0.0459104031, 0.167253584, 0.984844208), easingstyles.Sine, easingdirs.InOut, 0.2},
			["headtorootweld"] = {CFrame.new(9.53674316e-05, 0.299683571, 0.0137748718, 0.336097151, 0.000317288563, 0.941827238, 0.0431331918, 0.998945534, -0.0157288928, -0.940838933, 0.0459104031, 0.335729003), easingstyles.Sine, easingdirs.InOut, 0.2},
			["rootweld"] = {CFrame.Angles(0,0.55,0) * CFrame.new(0, 0, 0, 0.173648223, -0.171010062, -0.969846249, 6.16922418e-16, 0.98480773, -0.173648179, 0.98480773, 0.0301536974, 0.171010107):Inverse(), easingstyles.Sine, easingdirs.Out, 0.2},
		},
		[2] = {
			["rarmweld"] = {CFrame.new(0,0,-1) * CFrame.new(1.28547096, -0.617397785, -1.94119453, 0.679072976, -0.00301932544, 0.734064579, 0.725914836, 0.151412472, -0.670910835, -0.109120853, 0.988465667, 0.105011925), easingstyles.Sine, easingdirs.In, 0.2},
			["larmweld"] = {CFrame.new(-0.844640732, -0.752892494, -1.03752518, -0.000317335129, -0.761982381, -0.647597551, -0.998945415, -0.0294899642, 0.0351881832, -0.0459104329, 0.646925807, -0.761169493), easingstyles.Sine, easingdirs.In, 0.2},
			["headtorootweld"] = {CFrame.Angles(0,-0.4,0) * CFrame.new(9.53674316e-05, 0.299683571, 0.0137748718, 0.336097151, 0.000317288563, 0.941827238, 0.0431331918, 0.998945534, -0.0157288928, -0.940838933, 0.0459104031, 0.335729003), easingstyles.Sine, easingdirs.In, 0.2},
			["rootweld"] = {CFrame.new(0, 0, 0, 0.940601826, -0.339501619, -0.00259810686, 0.339422047, 0.940150559, 0.0301536769, -0.0077946363, -0.0292444509, 0.999541819):Inverse(), easingstyles.Sine, easingdirs.In, 0.2},
		},
		[3] = {
			["rarmweld"] = {CFrame.new(0,-0.25,0) * CFrame.new(1.46557045, -1.3237462, -1.85366821, 0.679072917, -0.253901958, 0.688762307, 0.725914836, 0.371746182, -0.578663886, -0.109120831, 0.892937958, 0.436753988) * CFrame.new(0,-0.5,0) * CFrame.Angles(-0.5,0,0.3), easingstyles.Linear, easingdirs.In, 0.2},
			["larmweld"] = {CFrame.new(-0.38824749, -0.388237953, -1.10569, -0.174239367, -0.975572824, -0.133782715, -0.84353596, 0.0777836889, 0.531410098, -0.508023441, 0.205443129, -0.836483836), easingstyles.Linear, easingdirs.In, 0.2},
			["headtorootweld"] = {CFrame.new(9.44137573e-05, 0.299683571, 0.0137710571, 0.347929716, 0.000317291706, -0.937520444, -0.0431522429, 0.998945355, -0.0156764537, 0.936526954, 0.0459105074, 0.347576559), easingstyles.Linear, easingdirs.In, 0.2},
			["rootweld"] = {CFrame.Angles(0,-0.2,0) * CFrame.new(0, 0, 0, -0.00259809569, -0.339501619, 0.940601826, 0.030153688, 0.940150678, 0.339422107, -0.999541819, 0.0292444639, 0.00779463537):Inverse(), easingstyles.Linear, easingdirs.In, 0.2},
		},
		[4] = {
			["rarmweld"] = {CFrame.new(0.559087753, -1.28297615, -1.33488655, -0.163016468, 0.787117541, 0.594870746, 0.84206152, 0.425204247, -0.331863284, -0.514156878, 0.44681868, -0.732116818) * CFrame.new(0,0.25,0.25) * CFrame.Angles(-0.1,0,0) * CFrame.new(0,-0.5,0), easingstyles.Linear, easingdirs.Out, 0.4},
			["larmweld"] = {CFrame.new(-0.121709824, -0.656519175, -0.9893713, -0.00445670635, -0.978128791, 0.20795095, -0.874974251, 0.104495563, 0.472758532, -0.484148949, -0.179844752, -0.856303275), easingstyles.Linear, easingdirs.Out, 0.4},
			["headtorootweld"] = {CFrame.new(9.3460083e-05, 0.299683809, 0.0137729645, 0.00629606843, 0.000317245722, -0.999979913, -0.045911476, 0.998945355, 2.79098749e-05, 0.998925567, 0.0459105074, 0.00630405545), easingstyles.Linear, easingdirs.Out, 0.5},
			["rootweld"] = {CFrame.Angles(0,-0.6,0) * CFrame.new(0, 0, 0, -0.00259809569, -0.339501619, 0.940601826, 0.030153688, 0.940150678, 0.339422107, -0.999541819, 0.0292444639, 0.00779463537):Inverse(), easingstyles.Sine, easingdirs.Out, 0.5},
		},
		[5] = {
			["rarmweld"] = {CFrame.new(-0.5,0,0) * CFrame.new(0.365228653, -1.17369819, -1.5460577, 0.0211739242, 0.950483143, 0.310053468, 0.705356836, 0.205580592, -0.678386211, -0.708535552, 0.233062446, -0.666076899) * CFrame.new(0,0.4,0) * CFrame.Angles(0.25,0,0) * CFrame.new(0,-0.5,0), easingstyles.Sine, easingdirs.Out, 0.5},
			["larmweld"] = {CFrame.new(-0.121709824, -0.656519175, -0.9893713, -0.00445670635, -0.978128791, 0.20795095, -0.874974251, 0.104495563, 0.472758532, -0.484148949, -0.179844752, -0.856303275), easingstyles.Linear, easingdirs.Out, 0.4},
			["headtorootweld"] = {CFrame.new(9.3460083e-05, 0.299683809, 0.0137729645, 0.00629606843, 0.000317245722, -0.999979913, -0.045911476, 0.998945355, 2.79098749e-05, 0.998925567, 0.0459105074, 0.00630405545), easingstyles.Sine, easingdirs.Out, 0.5},
			["rootweld"] = {CFrame.new(0, 0, 0, -0.472550929, -0.19311817, 0.859884202, -0.143597186, 0.979529321, 0.141074777, -0.869525909, -0.0568119511, -0.490608722):Inverse(), easingstyles.Sine, easingdirs.In, 0.5},
		}
	},
	["swing4"] = {
		[1] = {
			["rarmweld"] = {CFrame.new(1.96870899, -0.686678886, -0.484977722, -0.0601048991, -0.937520623, 0.342698783, 0.991262615, -0.015676491, 0.130968392, -0.11741326, 0.347576201, 0.930271149), easingstyles.Sine, easingdirs.InOut, 0.2},
			["larmweld"] = {CFrame.new(-0.25,0.5,0) * CFrame.new(-1.81323242, -0.394709587, -0.505847931, 0.221193433, -0.761982322, -0.608651161, -0.950736701, -0.0294900239, -0.308593571, 0.217193738, 0.646925867, -0.730967581) * CFrame.new(0,-0.3,0) * CFrame.Angles(0,0,-0.2), easingstyles.Sine, easingdirs.InOut, 0.2},
			["headtorootweld"] = {CFrame.new(9.53674316e-05, 0.299683571, 0.0137748718, 0.179844946, 0.0003172867, -0.983694851, -0.04521887, 0.998945534, -0.00794497132, 0.982654989, 0.045910418, 0.179669648), easingstyles.Sine, easingdirs.InOut, 0.2},
			["rootweld"] = {CFrame.Angles(0,-0.3,0) * CFrame.new(0, 0, 0, -0.173647955, 0.171010077, 0.969846308, -6.16921465e-16, 0.98480773, -0.173648179, -0.984807789, -0.0301536508, -0.171009853):Inverse(), easingstyles.Sine, easingdirs.Out, 0.2},
		},
		[2] = {
			["rarmweld"] = {CFrame.new(1.494627, -0.663722038, -0.723251343, -0.058952041, 0.011796671, 0.998191059, 0.996642888, -0.0562108345, 0.0595249012, 0.0568113551, 0.99834919, -0.00844331924), easingstyles.Sine, easingdirs.In, 0.2},
			["larmweld"] = {CFrame.new(0,1,-0.8) * CFrame.new(-1.12195206, -0.860088825, -2.28838062, 0.221920475, 0.015228577, -0.974945664, -0.974051058, 0.049043458, -0.220950782, 0.0444499888, 0.998680532, 0.025717156) * CFrame.Angles(0,0,-0.2), easingstyles.Sine, easingdirs.In, 0.2},
			["headtorootweld"] = {CFrame.new(9.53674316e-05, 0.299683571, 0.0137729645, 0.999980092, 0.000317290425, 0.00629592501, -2.78949738e-05, 0.998945534, -0.0459115282, -0.00630385475, 0.0459104404, 0.998925745), easingstyles.Sine, easingdirs.In, 0.2},
			["rootweld"] = {CFrame.Angles(0.15,0,0) * CFrame.new(0, 0, 0, 0.985265851, 0.171010077, 0.00259785354, -0.171010077, 0.98480773, 0.0301536825, 0.00259819627, -0.0301536508, 0.999541938):Inverse(), easingstyles.Sine, easingdirs.In, 0.2},
		},
		[3] = {
			["rarmweld"] = {CFrame.new(0.175883293, -0.739398956, -0.897779465, -0.0861382484, 0.985074878, 0.149023026, 0.970094025, 0.0488596633, 0.23776041, 0.226930603, 0.165046617, -0.959823728), easingstyles.Linear, easingdirs.In, 0.2},
			["larmweld"] = {CFrame.new(0,-0.25,-0.4) * CFrame.new(-0.954066277, -1.563344, -1.96582794, 0.199803069, -0.0977719128, -0.974945724, -0.819031, 0.529498219, -0.220950738, 0.537835002, 0.842657626, 0.0257171579), easingstyles.Linear, easingdirs.In, 0.2},
			["headtorootweld"] = {CFrame.new(9.44137573e-05, 0.299684525, 0.0137729645, 0.336097151, 0.0003172906, 0.941827238, 0.0431331694, 0.998945296, -0.0157288834, -0.940839052, 0.0459104478, 0.335729033), easingstyles.Linear, easingdirs.In, 0.2},
			["rootweld"] = {CFrame.Angles(0.15,0.2,0) * CFrame.new(0, 0, 0, 0.00259780884, 0.171010062, -0.985265851, 0.030153688, 0.98480767, 0.171010077, 0.999541938, -0.0301536489, -0.00259824097):Inverse(), easingstyles.Linear, easingdirs.In, 0.2},
		},
		[4] = {
			["rarmweld"] = {CFrame.new(0.175883293, -0.739398956, -0.897781372, -0.0861382633, 0.985074759, 0.149023116, 0.970093966, 0.0488596708, 0.237760425, 0.226930633, 0.165046513, -0.959823847), easingstyles.Linear, easingdirs.Out, 0.4},
			["larmweld"] = {CFrame.new(-0.289923668, -1.16539955, -1.60655212, 0.19980301, -0.949589372, -0.241575509, -0.819031, -0.0265266635, -0.573135257, 0.537835062, 0.312372237, -0.783043444) * CFrame.new(0,0.5,0) * CFrame.Angles(-0.3,0,0) * CFrame.new(0,-0.5,0), easingstyles.Linear, easingdirs.Out, 0.4},
			["headtorootweld"] = {CFrame.new(9.3460083e-05, 0.299683571, 0.0137729645, 0.336097211, 0.000317305326, 0.941827297, 0.0431331694, 0.998945355, -0.0157288909, -0.940839171, 0.0459104478, 0.335728973), easingstyles.Linear, easingdirs.Out, 0.5},
			["rootweld"] = {CFrame.Angles(0.1,0.2,0) * CFrame.new(0, 0, 0, -0.490383327, 0.171010062, -0.854564071, 0.111618929, 0.98480767, 0.133022219, 0.864329517, -0.0301536489, -0.502021313):Inverse(), easingstyles.Sine, easingdirs.Out, 0.5},
		},
		[5] = {
			["rarmweld"] = {CFrame.new(0.175884247, -0.73939991, -0.897777557, -0.0861382782, 0.985074937, 0.149023056, 0.970094025, 0.0488596708, 0.237760425, 0.226930618, 0.165046558, -0.959823787), easingstyles.Sine, easingdirs.Out, 0.5},
			["larmweld"] = {CFrame.new(-0.0661373138, -0.978745461, -1.4054451, 0.199803084, -0.977112234, -0.0730109736, -0.819031, -0.12564756, -0.559821725, 0.537835062, 0.171652526, -0.825390041), easingstyles.Linear, easingdirs.Out, 0.4},
			["headtorootweld"] = {CFrame.new(9.3460083e-05, 0.299683571, 0.0137729645, 0.336097211, 0.000317305326, 0.941827297, 0.0431331694, 0.998945355, -0.0157288909, -0.940839171, 0.0459104478, 0.335728973), easingstyles.Sine, easingdirs.Out, 0.5},
			["rootweld"] = {CFrame.Angles(0,0.2,0) * CFrame.new(0, 0, 0, -0.147236675, 0.171010062, -0.974205792, 0.0558042526, 0.98480767, 0.16443716, 0.98752594, -0.0301536489, -0.154542953):Inverse(), easingstyles.Sine, easingdirs.In, 0.5},
		}
	},
	["block"] = {
		[1] = {
			["rarmweld"] = {CFrame.new(0.592468262, -0.138791561, -1.10939217, 0.0805527121, 0.086837925, -0.992960513, 0.0533224009, -0.995146632, -0.0827033892, -0.995323002, -0.0462850519, -0.0847921595), easingstyles.Quad, easingdirs.Out, 0.15},
			["larmweld"] = {CFrame.new(-0.606412888, -0.138757706, -1.1018343, 0.0930918008, -0.0874700919, 0.991807997, -0.05332743, -0.995141685, -0.082758747, 0.994228423, -0.0451864153, -0.0973040909), easingstyles.Quad, easingdirs.InOut, 0.15},
			["headtorootweld"] = {CFrame.new(-0.00018119812, 0.299783707, -0.0298452377, 0.999980152, -0.000232636245, 0.00629954739, -2.79046071e-05, 0.999145627, 0.0413270146, -0.00630377978, -0.0413263701, 0.999125838), easingstyles.Quad, easingdirs.InOut, 0.15},
			["rootweld"] = {CFrame.new(0, 0, 0, 1, 3.5391944e-15, -3.09639352e-16, 3.55271368e-15, 0.996194661, -0.0871557295, 0, 0.0871557295, 0.996194661):Inverse(), easingstyles.Quad, easingdirs.Out, 0.15},
		},
		[2] = {
			["rarmweld"] = {CFrame.new(0,0,0.35) *CFrame.new(0.577981949, -0.0649819374, -1.01174641, 0.0642498881, 0.0995064899, -0.992960572, 0.225317746, -0.97076875, -0.0827033445, -0.972164452, -0.218417883, -0.0847923756), easingstyles.Quad, easingdirs.Out, 0.15},
			["larmweld"] = {CFrame.new(0,0,0.35) * CFrame.new(-0.590696335, -0.0649495125, -1.00437927, 0.0764884949, -0.10230644, 0.991807997, -0.225321829, -0.970763087, -0.0827587545, 0.971277237, -0.217145875, -0.097304076), easingstyles.Quad, easingdirs.InOut, 0.15},
			["headtorootweld"] = {CFrame.Angles(0.25,0,0) * CFrame.new(-0.000453948975, 0.29608202, -0.0733060837, 0.999980152, -0.000780792616, 0.00625530025, -2.79046071e-05, 0.991741717, 0.128251016, -0.00630377978, -0.128248647, 0.991721988), easingstyles.Quad, easingdirs.InOut, 0.15},
			["rootweld"] = {CFrame.Angles(-0.15,0,0) * CFrame.new(0, 0, 0, 1, 3.4987401e-15, -6.16920671e-16, 3.55271368e-15, 0.984807789, -0.173647732, 0, 0.173647732, 0.984807789):Inverse(), easingstyles.Back, easingdirs.Out, 0.2},
		},
	},
	["kick"] = { --kumitsu w wykonaniu marka
		[1] = {
			["rlegweld"] = {CFrame.new(1.07978344, -1.82250786, 0.18944931, 0.772082388, -0.63282609, -0.0584788322, 0.625167251, 0.739736915, 0.248908296, -0.114256769, -0.228736803, 0.96675998), easingstyles.Sine, easingdirs.In, 0.2},
			["llegweld"] = {CFrame.new(-0.505302429, -0.2, -0.833242416, 0.999980152, 0.00140567869, 0.00614514947, -2.79257074e-05, 0.975796878, -0.218678921, -0.00630378723, 0.218674332, 0.975777507), easingstyles.Sine, easingdirs.InOut, 0.2},
			["rarmweld"] = {CFrame.new(1.65428734, -0.920772552, -0.298259735, 0.96291858, -0.264468461, -0.0533301197, 0.145290941, 0.67488724, -0.723476052, 0.227328509, 0.688900292, 0.688286543) * CFrame.new(0,0.5,0) * CFrame.Angles(0.2,0,-0.8) * CFrame.new(0,-0.5,0), easingstyles.Linear, easingdirs.InOut, 0.2},
			["larmweld"] = {CFrame.new(-1.76321411, -1.01451969, 0.659912109, 0.920055866, 0.388565361, 0.050142318, -0.319165409, 0.669124007, 0.671123326, 0.227223814, -0.633474588, 0.739648104) * CFrame.new(0,0.5,0) * CFrame.Angles(-0.4,0,0) * CFrame.new(0,-0.5,0), easingstyles.Sine, easingdirs.In, 0.2},
			["headtorootweld"] = {CFrame.new(0.00366592407, 0.221743584, -0.29605484, 0.568533659, -0.154157385, 0.80808717, -0.466278493, 0.74888134, 0.470915318, -0.677756548, -0.644524992, 0.353884012), easingstyles.Sine, easingdirs.In, 0.2},
			["rootweld"] = {CFrame.Angles(0,1.3,0) *CFrame.new(0, 0, 0, 0.342020154, 1.60882965e-14, -0.939692616, -0.604022384, 0.766044796, -0.219846189, 0.719846606, 0.642787218, 0.262002736):Inverse(), easingstyles.Linear, easingdirs.InOut, 0.2},
		},
		[2] = {
			["rlegweld"] = {CFrame.new(1.26793194, -1.7824192, 0.0938949585, 0.649996817, -0.759930313, -0.00310220569, 0.747401774, 0.638531387, 0.183488995, -0.137458026, -0.121585816, 0.983016789), easingstyles.Linear, easingdirs.InOut, 0.2},
			["llegweld"] = {CFrame.new(-1.77346611, -1.26206398, -1.20810509, 0.498772621, 0.854610682, -0.144451037, -0.845078707, 0.442489117, -0.300075114, -0.192529425, 0.271741807, 0.942915022) * CFrame.new(0,-0.25,0), easingstyles.Sine, easingdirs.In, 0.2},
			["rarmweld"] = {CFrame.new(1.65428734, -0.920772552, -0.298259735, 0.96291858, -0.264468461, -0.0533301197, 0.145290941, 0.67488724, -0.723476052, 0.227328509, 0.688900292, 0.688286543) * CFrame.new(0,0.5,0) * CFrame.Angles(0.2,0,-0.8) * CFrame.new(0,-0.5,0), easingstyles.Linear, easingdirs.InOut, 0.2},
			["larmweld"] = {CFrame.new(-1.72185946, -1.09910393, 0.373657227, 0.920055747, 0.391369283, -0.0180930533, -0.319165468, 0.775497675, 0.544735372, 0.227223843, -0.49541226, 0.838412702), easingstyles.Linear, easingdirs.InOut, 0.2},
			["headtorootweld"] = {CFrame.new(0.0802221298, 0.278718948, -0.546686172, 0.654862463, -0.0530905165, 0.753880799, -0.545951307, 0.656535685, 0.520478725, -0.522582293, -0.752424419, 0.400955796), easingstyles.Linear, easingdirs.InOut, 0.2},
			["rootweld"] = {CFrame.Angles(0,0.4,0) * CFrame.new(-0.0151634216, 0.139906645, -0.0140075684, 0.0587833077, -0.102975652, -0.992945373, -0.75642705, 0.644483745, -0.111618839, 0.651431143, 0.757652104, -0.0400086865):Inverse(), easingstyles.Linear, easingdirs.In, 0.2},
		},
		[3] = {
			["rlegweld"] = {CFrame.new(1.24500084, -1.86332321, 0.207344055, 0.709668875, -0.69942683, -0.0846872926, 0.697731733, 0.681055486, 0.22211197, -0.0976743698, -0.216714978, 0.971336305), easingstyles.Linear, easingdirs.InOut, 0.25},
			["llegweld"] = {CFrame.new(-1.5,0,0) * CFrame.new(-2.38225842, -1.82050228, -0.245594025, 0.499743909, 0.863948405, 0.062039867, -0.748895347, 0.466958523, -0.47021848, -0.435214579, 0.18852748, 0.880366743), easingstyles.Linear, easingdirs.In, 0.25},
			["rarmweld"] = {CFrame.new(1.65428734, -0.920772552, -0.298259735, 0.96291858, -0.264468461, -0.0533301197, 0.145290941, 0.67488724, -0.723476052, 0.227328509, 0.688900292, 0.688286543) * CFrame.new(0,0.5,0) * CFrame.Angles(0.2,0,-0.8) * CFrame.new(0,-0.5,0), easingstyles.Linear, easingdirs.InOut, 0.2},
			["larmweld"] = {CFrame.new(-1.97337246, -1.05799294, -0.33102417, 0.617001951, 0.767584562, -0.173558682, -0.781746566, 0.623169363, -0.0230704732, 0.0904478878, 0.149913386, 0.984553218), easingstyles.Linear, easingdirs.InOut, 0.25},
			["headtorootweld"] = {CFrame.new(0.0802221298, 0.278717995, -0.54668808, 0.654862523, -0.053090483, 0.753880858, -0.545951486, 0.656535625, 0.520478725, -0.522582233, -0.752424359, 0.400955826), easingstyles.Linear, easingdirs.InOut, 0.25},
			["rootweld"] = {CFrame.Angles(0,-0.2,0.05) * CFrame.new(-0.0151634216, 0.139906883, -0.0140066147, 0.230313376, -0.102975652, -0.967652678, -0.725552857, 0.644483745, -0.241275251, 0.648481905, 0.757652104, 0.0737189576):Inverse(), easingstyles.Linear, easingdirs.Out, 0.25},
		},
		[4] = {
			["rlegweld"] = {CFrame.new(1.07329369, -1.88901329, 0.0674715042, 0.852267504, -0.513790488, -0.0982815027, 0.522190809, 0.846735001, 0.10176675, 0.0309315324, -0.138053998, 0.989941657), easingstyles.Linear, easingdirs.InOut, 0.3},
			["llegweld"] = {CFrame.new(0,0.25,0) * CFrame.new(-0.808603287, -1.91098785, 0.254718781, -0.97578454, 0.121206403, 0.182082146, 0.0205047429, 0.879454851, -0.475540698, -0.217771351, -0.460291684, -0.860643625) * CFrame.Angles(0,-0.3,0), easingstyles.Linear, easingdirs.In, 0.3},
			["rarmweld"] = {CFrame.new(1.65428734, -0.920772552, -0.298259735, 0.96291858, -0.264468461, -0.0533301197, 0.145290941, 0.67488724, -0.723476052, 0.227328509, 0.688900292, 0.688286543) * CFrame.new(0,0.5,0) * CFrame.Angles(0.2,0,-0.8) * CFrame.new(0,-0.5,0), easingstyles.Linear, easingdirs.InOut, 0.2},
			["larmweld"] = {CFrame.new(-1.52203751, -1.19352913, -0.733335495, 0.986365497, 0.0443205684, -0.15849036, -0.139427915, 0.736666799, -0.661726415, 0.087426275, 0.674801826, 0.732802033) * CFrame.new(0,-0.5,0) * CFrame.Angles(0.5,0,0) * CFrame.new(0,0.5,0), easingstyles.Linear, easingdirs.InOut, 0.3},
			["headtorootweld"] = {CFrame.new(-0.10990715, 0.358057022, -0.142168045, 0.871501625, -0.256148815, 0.418177903, 0.0720208287, 0.910349011, 0.407526433, -0.485075384, -0.325042337, 0.811818719), easingstyles.Linear, easingdirs.InOut, 0.3},
			["rootweld"] = {CFrame.new(-0.0151634216, 0.139906883, -0.0140066147, 0.741466045, 0.336808473, -0.580334604, -0.481542856, 0.869407535, -0.110666811, 0.467273653, 0.361511648, 0.80682379):Inverse(), easingstyles.Linear, easingdirs.Out, 0.3},
		}
	},
	["rlegkick"] = {
		[1] = {
			["rlegweld"] = {CFrame.new(-0.1,0.5,0.5) * CFrame.new(0.434185028, -1.44070339, -1.11082172, 0.995897233, 0.0660540164, -0.0618507117, -0.0879529193, 0.545815349, -0.83327657, -0.021282196, 0.835297763, 0.549385667) * CFrame.Angles(-1.5,0,0), easingstyles.Sine, easingdirs.InOut, 0.2},
			["llegweld"] = {CFrame.new(-0.560279846, -2.014503, -0.16561985, 0.998222828, 0.0593911596, -0.00488269329, -0.0593911633, 0.98480767, -0.163175792, -0.00488272309, 0.163175777, 0.986584842) * CFrame.new(0,1,0) * CFrame.Angles(-0.3,0,0) * CFrame.new(0,-1,0), easingstyles.Sine, easingdirs.InOut, 0.2},
			["rarmweld"] = {CFrame.new(0.884101868, -1.02058077, -1.05841112, 0.934229195, 0.355087101, -0.0335994661, 0.331458509, -0.899113894, -0.285883456, -0.131723285, 0.255943924, -0.957675219), easingstyles.Sine, easingdirs.InOut, 0.2},
			["larmweld"] = {CFrame.new(-0.897422791, -1.02053165, -1.04719448, 0.935797215, -0.35188207, 0.0215073228, -0.331510425, -0.899094284, -0.285885096, 0.119934946, 0.260400593, -0.958022535), easingstyles.Sine, easingdirs.InOut, 0.2},
			["headtorootweld"] = {CFrame.new(9.53674316e-05, 0.299683571, 0.0137729645, 0.937520564, 0.0003172867, 0.347929746, 0.0156764518, 0.998945475, -0.0431522839, -0.347576559, 0.0459104478, 0.936527073) * CFrame.new(0,-0.5,0) * CFrame.Angles(-0.3,0,0) * CFrame.new(0,0.5,0), easingstyles.Cubic, easingdirs.InOut, 0.2},
